Run semi-empirical minimization
 &qmmm
    qm_theory='AM1', grms_tol=0.0005,
 scfconv=1.d-10, ndiis_attempts=700,   qmcharge=-1,
 /
   6    C1        2.3600       10.6210       15.5130 
   6    C2        6.0970       10.0740       16.3860 
   6    C3        6.4370        8.6900       16.2580 
   6    C7        4.9160       11.7070       14.8380 
   6    C8        3.7310       12.2490       14.2720 
   6    C9        6.9200        5.7870       16.8350 
   6   C10        6.7200        5.2070       15.4380 
   6   C11        7.5930        8.1560       16.9270 
   6   C12        8.4080        9.0190       17.7190 
   6   C13        8.0780       10.4000       17.8420 
   6   C14        6.9260       10.9280       17.1780 
   6   C15        3.3590        6.9490       14.4400 
   6   C16        2.5280        5.5810       18.2210 
   6   C19        3.0490        6.9750       17.9580 
   6   C20        2.8930        7.7040       16.8070 
   6   C21        2.2770        7.1780       15.5020 
   6   C22        2.9070        3.2440       18.9290 
   6   C24        4.1060        6.6740       22.5750 
   6   C27        4.3410        7.5550       20.2760 
   6   C30        1.1270        5.2900       18.0640 
   6     C        2.4560       11.7100       14.6080 
   6    C4        5.6860        7.9410       20.5700 
   6    C5        3.5450       10.0610       16.0900 
   6    C6        4.8400       10.6120       15.7530 
   8     O        7.2750        5.7190       14.4680 
   8    O1        5.9360        4.1630       15.2630 
   8    O2        7.9380        6.8180       16.8020 
   6   C17        3.4130        4.5430       18.6550 
   7     N        3.4580        8.9580       16.9990 
   7    N1        3.9960        9.0000       18.3230 
   6   C18        3.7940        7.8620       18.9220 
   6   C23        3.5500        6.9180       21.2880 
   6   C25        5.4470        7.0620       22.8580 
   6   C26        6.2380        7.6950       21.8610 
   6   C28        1.5210        2.9690       18.7680 
   6   C29        0.6320        3.9900       18.3350 
   1    H1        1.3920       10.2140       15.7670 
   1    H3        5.8200        8.0410       15.6540 
   1    H7        5.8770       12.1240       14.5760 
   1    H8        3.7970       13.0770       13.5810 
   1   H92        5.9820        6.2170       17.1850 
   1   H93        7.2300        4.9940       17.5150 
   1   H12        9.2760        8.6250       18.2260 
   1   H13        8.7000       11.0510       18.4390 
   1   H14        6.6820       11.9750       17.2750 
   1  H212        1.7680        6.2350       15.7020 
   1  H213        1.5550        7.9030       15.1280 
   1   H22        3.5760        2.4640       19.2600 
   1   H24        3.5110        6.1940       23.3380 
   1   H30        0.4500        6.0660       17.7380 
   1     H        1.5610       12.1310       14.1730 
   1    H4        6.2860        8.4210       19.8110 
   1   H17        4.4670        4.7480       18.7740 
   1   H23        2.5330        6.6240       21.0740 
   1   H25        5.8650        6.8740       23.8360 
   1   H26        7.2540        7.9890       22.0810 
   1   H28        1.1420        1.9790       18.9760 
   1   H29       -0.4190        3.7750       18.2130 
   1  H151        2.8980        6.5770       13.5250 
   1  H152        3.8690        7.8900       14.2330 
   1  H153        4.0800        6.2180       14.8070 

